blue_tone: 0.796116504854369
contrast: 0.9708737864077648
exposure: 33.00970873786409
flip_x: false
green_tone: 0.4854368932038835
red_tone: 0.009708737864077666
rotation: 2
temperature: 14.5631067961165
tint: -4.854368932038838
